134 1 32 57
1 32
1 4
1 12
2 7
3 6
3 23
3 67
3 68
4 45
4 11
5 70
5 66
6 44
6 28
7 3
7 25
7 89
8 4
8 83
8 12
8 40
9 21
9 41
9 4
9 2
10 99
10 69
11 49
11 10
11 96
12 59
12 2
12 87
12 22
13 2
14 75
14 9
14 90
15 74
16 76
17 74
17 5
18 17
18 95
18 89
18 26
19 99
19 6
20 79
20 81
21 43
21 45
21 74
22 93
22 77
22 39
22 21
23 26
23 74
23 15
23 22
24 30
24 55
25 19
25 32
25 83
26 79
26 38
27 67
27 8
28 20
29 53
30 55
30 92
31 87
31 65
32 57
33 13
33 37
33 53
34 91
34 33
35 13
36 27
36 13
36 29
37 83
38 12
39 41
40 23
40 66
40 11
40 27
41 9
41 8
41 69
41 19
42 67
42 7
42 54
43 98
43 48
43 16
43 63
44 45
44 14
45 21
45 85
46 44
47 84
47 97
47 63
48 53
48 10
49 39
49 43
50 49
50 39
50 48
50 86
51 34
52 97
52 9
52 8
52 64
53 58
53 11
53 84
53 41
54 5
55 30
55 69
56 9
57 33
